200000 1000 0.632468
200000 5000 3.27277
200000 10000 6.16901
200000 50000 29.3347
200000 100000 58.394
200000 500000 291.91
200000 1000000 597.19
500000 1000 1.53396
500000 5000 7.58723
500000 10000 14.9302
500000 50000 74.9928
500000 100000 189.921
500000 500000 882.222
500000 1000000 1860
1000000 1000 3.63766
1000000 5000 15.2483
1000000 10000 29.7299
1000000 50000 149.787
1000000 100000 304.958
1000000 500000 1522
1000000 1000000 3048.37
2000000 1000 7.06522
2000000 5000 35.6181
2000000 10000 58.5374
2000000 50000 354.345
2000000 100000 604.416
2000000 500000 3037.31
2000000 1000000 6739.36
