200000 1000 0.667721
200000 5000 3.73224
200000 10000 7.36646
200000 50000 36.1709
200000 100000 58.7678
200000 500000 301.134
200000 1000000 613.223
500000 1000 1.81962
500000 5000 9.07913
500000 10000 17.927
500000 50000 77.8036
500000 100000 151.028
500000 500000 767.096
500000 1000000 1544.44
1000000 1000 3.09181
1000000 5000 18.1191
1000000 10000 36.1559
1000000 50000 155.595
1000000 100000 313.176
1000000 500000 1566.13
1000000 1000000 3620.97
2000000 1000 5.9266
2000000 5000 36.1438
2000000 10000 72.5086
2000000 50000 300.481
2000000 100000 724.751
2000000 500000 3620.16
2000000 1000000 7737.18
